********* model file ******************************
 8   different atom types
*label    mass     charge
 1     L       72.0000      0.0000	3
 2     P       72.0000     -1.0000	3
 3     G       72.0000      0.0000	3
 4     C       72.0000      0.0000	3
 5     D       72.0000      0.0000	3
 6     NA       72.0000      1.0000	80	
 7     W       72.0000      0.0000	80			
 8     CL       72.0000     -1.0000	80
****************************************************
 6     different bond types
*atom 1   atom2   bond_length   force_constant
 1         2       0.47           1250.00
 2         3       0.47           1250.00
 3         3       0.37           1250.00
 3         4       0.47           1250.00
 4         4       0.47           1250.00
 4         5       0.47           1250.00
****************************************************
 5     different bond angles
*atom1   atom2    atom3     theta0(deg)  force_constant
 2         3        3       1
 120.00      25.000
 2         3        4       1
 180.00      25.000
 3         4        4       1
 180.00      25.000
 4         4        4        1
 180.00      25.000
 4         5        4       1
 120.00      45.000
****************************************************
 0      different torsions
*atom1***atom2*** atom3***atom4***
****************************************************
 8      different non-bonded interactions
*type 1 ** type 2 sigma  epsilon
 1     1    0.47       2.0
 2     2    0.47       2.0
 3     3    0.47       2.0
 4     4    0.47       2.0
 5     5    0.47       2.0
 6     6    0.47       2.0
 7     7    0.47       2.0
 8     8    0.47       2.0
***** SCF settings **********************************
* mx   my   mz  cells in  X Y Z directions
  20	20	40
* compressibility
  0.05
*chi (Z=6)
  0.00   -3.60    4.50    13.25   9.30  -7.20    0.00  0.00
 -3.60    0.00    4.50    13.50  11.70  -7.20   -3.60  0.00
  4.50    4.50    0.00     6.30   6.30  -3.00    4.50  4.50
 13.25   13.50    6.30     0.00   0.00  13.50   33.75 13.50
  9.30   11.70    6.30     0.00   0.00   9.30   23.25 11.70
 -7.20   -7.20   -3.00    13.50   9.30   0.00    0.00 -7.20
  0.00   -3.60    4.50    33.75  23.25   0.00    0.00 -3.60
  0.00    0.00    4.50    13.50  11.70  -7.20   -3.60  0.00
